Gold, DFT (W. S. M. Werner et al., 2009)
1 2 3 0 0 = columns for wave, Re(n), Im(n), eps1, eps2
wave(um) Re(n)   Im(n)   
0.0281   0.8124  0.1758
0.0407   0.8168  0.3841
0.0528   1.0224  0.5800
0.0698   1.2962  0.7779
0.0679   0.9031  0.6058
0.0751   1.4272  0.9440
0.0846   1.2710  0.7469
0.0992   1.3113  1.1299
0.1134   1.3567  0.8326
0.1265   1.2811  0.7217
0.1457   1.3667  0.9183
0.1565   1.5481  0.9611
0.1704   1.6859  1.0014
0.1852   1.8051  1.1803
0.1996   1.9034  1.3869
0.2139   1.7673  1.4826
0.2283   1.7069  1.5078
0.2427   1.6892  1.4474
0.2570   1.6766  1.3491
0.2702   1.6401  1.3239
0.2858   1.6036  1.4222
0.3001   1.6439  1.4675
0.3145   1.7195  1.5381
0.3289   1.7749  1.6439
0.3432   1.8203  1.7825
0.3576   1.8580  1.8958
0.3720   1.8883  1.9739
0.3863   1.9009  2.0168
0.4007   1.9009  2.0596
0.4151   1.8832  2.0823
0.4294   1.8656  2.1125
0.4438   1.8404  2.1125
0.4582   1.8152  2.1125
0.4725   1.7850  2.1276
0.4869   1.7497  2.1604
0.5013   1.7144  2.1931
0.5156   1.6514  2.2234
0.5300   1.5759  2.2410
0.5444   1.5078  2.2637
0.5587   1.4247  2.2864
0.5731   1.3038  2.2990
0.5875   1.1803  2.3242
0.6018   1.0543  2.3443
0.6162   0.9334  2.3897
0.6306   0.8301  2.4703
0.6449   0.7671  2.5459
0.6593   0.7016  2.6265
0.6737   0.6411  2.7071
0.6880   0.5806  2.8356
0.7024   0.5202  2.9944
0.7168   0.4622  3.1556
0.7311   0.4496  3.3168
0.7455   0.4396  3.4756
0.7599   0.4194  3.6318
0.7742   0.4169  3.7855
0.7886   0.3917  3.9215
0.8030   0.3892  4.0626
0.8173   0.3690  4.2037
0.8317   0.3589  4.3398
0.8461   0.3589  4.4834
0.8604   0.3589  4.6169
0.8748   0.3589  4.7580
0.8892   0.3589  4.8966
0.9035   0.3589  5.0175
0.9179   0.3589  5.1410
0.9323   0.3589  5.2644
0.9466   0.3589  5.3904
0.9610   0.3589  5.5139
0.9754   0.3690  5.6348
0.9897   0.3740  5.7557
1.0041   0.3866  5.8817
1.0185   0.3892  6.0027
1.0328   0.3892  6.1286
1.0472   0.3942  6.2546
1.0616   0.4194  6.3680
1.0759   0.4194  6.4788
1.0903   0.4194  6.5922
1.1047   0.4295  6.7056
1.1190   0.4496  6.8165
1.1334   0.4496  6.9324
1.1478   0.4496  7.0432
1.1621   0.4648  7.1566
1.1765   0.4799  7.2700
1.1909   0.4799  7.3808
1.2052   0.4799  7.4942
1.2196   0.5000  7.6076
1.2340   0.5101  7.7210
1.2483   0.5101  7.8344
1.2627   0.5227  7.9477
1.2771   0.5403  8.0586
1.2914   0.5403  8.1720
1.3058   0.5630  8.2853
1.3202   0.5706  8.3912
1.3345   0.5731  8.4970
1.3489   0.6008  8.6028
1.3633   0.6008  8.7086
1.3776   0.6109  8.8170
1.3920   0.6310  8.9203
1.4064   0.6310  9.0286
1.4208   0.6537  9.1319
1.4351   0.6613  9.2402
1.4495   0.6638  9.3461
1.4639   0.6915  9.4519
1.4782   0.6915  9.5577
1.4926   0.7016  9.6660
1.5070   0.7217  9.7719
1.5213   0.7217  9.8777
1.5357   0.7419  9.9810
1.5501   0.7520  10.0893
1.5644   0.7545  10.1926
1.5788   0.7797  10.3010
1.5932   0.7822  10.4068
1.6075   0.7948  10.5126
1.6219   0.8124  10.6209
1.6363   0.8124  10.7242
1.6506   0.8276  10.8326
1.6650   0.8427  10.9384
1.6794   0.8654  11.0442
1.6937   0.8729  11.1526
1.7081   0.8956  11.2584
1.7225   0.9031  11.3592
1.7368   0.9309  11.4625
1.7512   0.9359  11.5632
1.7656   0.9636  11.6615
1.7799   0.9712  11.7648
1.7943   0.9939  11.8706
1.8087   1.0064  11.9689
1.8230   1.0241  12.0671
1.8374   1.0417  12.1730
1.8518   1.0543  12.2737
1.8661   1.0745  12.3745
1.8805   1.0846  12.4753
1.8949   1.1072  12.5786
1.9092   1.1148  12.6769
1.9236   1.1425  12.7802
1.9380   1.1475  12.8835
1.9523   1.1753  12.9843
1.9667   1.1828  13.0825
1.9811   1.2055  13.1858
1.9954   1.2181  13.2891
2.0098   1.2357  13.3899
2.0242   1.2508  13.4882
2.0385   1.2660  13.5940
2.0529   1.2861  13.6922
2.0673   1.2962  13.7955
2.0816   1.3189  13.8963
2.0960   1.3264  14.0021
2.1104   1.3541  14.1004
2.1247   1.3693  14.2012
2.1391   1.3869  14.3045
2.1535   1.4045  14.4078
2.1678   1.4171  14.5060
2.1822   1.4373  14.6068
2.1966   1.4474  14.7101
2.2109   1.4726  14.8134
2.2253   1.4776  14.9117
2.2397   1.5053  15.0125
2.2540   1.5104  15.1158
2.2684   1.5381  15.2191
2.2828   1.5456  15.3199
2.2971   1.5683  15.4206
2.3115   1.5809  15.5214
2.3259   1.5985  15.6247
2.3402   1.6137  15.7255
2.3546   1.6288  15.8288
2.3690   1.6464  15.9296
2.3833   1.6590  16.0304
2.3977   1.6817  16.1337
2.4121   1.6892  16.2344
2.4264   1.7170  16.3352
2.4408   1.7220  16.4360
2.4552   1.7497  16.5393
2.4695   1.7573  16.6426
2.4815   1.7724  16.7409
